1	1	1423	#009c75
1	1424	1556	#eb2d2d
1	1557	1637	#2f7ec2
1	1638	1665	#eb2d2d
1	1666	1690	#009c75
1	1691	1696	#eb2d2d
1	1697	1735	#009c75
1	1736	1791	#eb2d2d
1	1792	1905	#ffd00a
1	1906	1972	#009c75
1	1973	2076	#ffd00a
1	2077	2214	#009c75
1	2215	2099	#ffd00a
1	2100	2136	#009c75
1	2137	2123	#ffd00a
1	2124	2195	#009c75
1	2196	2123	#ffd00a
1	2124	2162	#009c75
1	2163	2205	#ffd00a
1	2206	2292	#009c75
1	2293	2301	#ffd00a
1	2302	2308	#009c75
2	1	1075	#eb2690
2	1076	1070	#2f7ec2
2	1071	1138	#fc8d62
2	1139	1141	#2f7ec2
2	1142	1179	#fc8d62
2	1180	1261	#2f7ec2
2	1262	1318	#fc8d62
2	1319	1487	#2f7ec2
2	1488	1530	#fc8d62
2	1531	1719	#2f7ec2
2	1720	1729	#a6c952
2	1730	1785	#2f7ec2
2	1786	2101	#a6c952
3	1	805	#009c75
3	806	854	#ffd00a
3	855	992	#009c75
3	993	1582	#ffd00a
3	1583	1823	#eb2d2d
4	1	1522	#00b5ef
5	1	1662	#a6c952
6	1	126	#eb2d2d
6	127	156	#009c75
6	157	167	#eb2d2d
6	168	1144	#009c75
7	1	490	#009c75
7	491	515	#ffd00a
7	516	494	#009c75
7	495	536	#ffd00a
7	537	497	#009c75
7	498	526	#ffd00a
7	527	519	#009c75
7	520	534	#ffd00a
7	535	651	#009c75
7	652	839	#ffd00a
7	840	1039	#eb2690
7	1040	1099	#009c75
7	1100	1250	#2f7ec2
8	1	51	#eb2690
8	52	86	#ffd00a
8	87	136	#2f7ec2
8	137	145	#ffd00a
8	146	118	#2f7ec2
8	119	117	#eb2690
8	118	240	#ffd00a
8	241	293	#eb2690
8	294	337	#ffd00a
8	338	351	#eb2690
8	352	349	#ffd00a
8	350	381	#eb2690
8	382	371	#ffd00a
8	372	411	#2f7ec2
8	412	372	#ffd00a
8	373	400	#2f7ec2
8	401	388	#ffd00a
8	389	418	#2f7ec2
8	419	529	#fc8d62
8	530	508	#2f7ec2
8	509	504	#ffd00a
8	505	582	#2f7ec2
8	583	512	#ffd00a
8	513	527	#fc8d62
8	528	541	#ffd00a
8	542	582	#fc8d62
8	583	595	#ffd00a
8	596	627	#2f7ec2
8	628	652	#ffd00a
8	653	643	#2f7ec2
8	644	649	#fc8d62
8	650	1263	#2f7ec2
9	1	963	#eb2690
10	1	308	#a6c952
10	309	383	#009c75
10	384	316	#a6c952
10	317	378	#009c75
10	379	559	#a6c952
10	560	638	#2f7ec2
10	639	731	#eb2690
10	732	938	#ffd00a
10	939	1114	#eb2d2d
11	1	852	#00b5ef
12	1	1025	#00b5ef
13	1	121	#ffd00a
13	122	303	#fc8d62
13	304	295	#009c75
13	296	309	#ffd00a
13	310	430	#009c75
13	431	849	#ffd00a
14	1	827	#a6c952
15	1	69	#ffd00a
15	70	96	#fc8d62
15	97	136	#ffd00a
15	137	205	#fc8d62
15	206	656	#ffd00a
15	657	763	#009c75
16	1	726	#00b5ef