1	1	557	#a6c952
1	558	703	#ffd00a
1	704	708	#a6c952
1	709	1185	#ffd00a
1	1186	1397	#009c75
1	1398	2800	#a6c952
2	1	1279	#009c75
2	1280	1425	#eb2d2d
2	1426	1639	#ffd00a
2	1640	1614	#eb2d2d
2	1615	2253	#ffd00a
3	1	494	#2f7ec2
3	495	619	#eb2690
3	620	696	#009c75
3	697	875	#eb2690
3	876	940	#009c75
3	941	1072	#eb2690
3	1073	1255	#009c75
3	1256	1647	#eb2690
3	1649	2180	#ffd00a
4	1	301	#2f7ec2
4	302	587	#eb2690
4	588	970	#009c75
4	971	1140	#ffd00a
4	1141	1876	#00b5ef
5	1	653	#2f7ec2
5	654	1542	#009c75
5	1543	1602	#eb2690
5	1603	1711	#009c75
5	1712	1761	#eb2690
6	1	1609	#00b5ef
7	1	754	#00b5ef
7	755	1267	#fc8d62
7	1268	1258	#2f7ec2
7	1259	1446	#fc8d62
7	1447	1636	#2f7ec2
7	1637	2085	#00b5ef
8	1	348	#a6c952
8	349	431	#eb2690
8	432	404	#a6c952
8	405	1269	#eb2690
8	1270	1907	#a6c952
8	1908	2243	#eb2d2d
9	1	720	#eb2690
9	721	1396	#ffd00a
10	1	306	#a6c952
10	307	923	#009c75
10	924	1286	#a6c952
11	1	621	#00b5ef
11	622	787	#ffd00a
11	788	1093	#009c75
12	1	252	#eb2690
12	253	661	#009c75
12	662	848	#eb2d2d
12	849	1032	#2f7ec2