1	1	501	#a6c952
1	502	492	#ffd00a
1	493	571	#a6c952
1	572	1193	#ffd00a
1	1194	1200	#009c75
1	1201	1316	#a6c952
1	1317	1230	#009c75
1	1231	1302	#a6c952
1	1303	1430	#009c75
1	1431	1515	#a6c952
1	1516	1535	#009c75
1	1536	2800	#a6c952
2	1	1263	#009c75
2	1264	1229	#eb2d2d
2	1230	1321	#009c75
2	1322	1487	#eb2d2d
2	1488	2253	#ffd00a
3	1	436	#2f7ec2
3	437	487	#eb2690
3	488	605	#2f7ec2
3	606	619	#eb2690
3	620	924	#009c75
3	925	893	#eb2690
3	894	1212	#009c75
3	1213	1194	#eb2690
3	1195	1226	#009c75
3	1227	1648	#eb2690
3	1649	2180	#ffd00a
4	1	270	#2f7ec2
4	271	588	#eb2690
4	589	984	#009c75
4	985	1209	#ffd00a
4	1210	1876	#00b5ef
5	1	642	#2f7ec2
5	643	698	#009c75
5	699	665	#2f7ec2
5	666	1561	#009c75
5	1562	1761	#eb2690
6	1	1609	#00b5ef
7	1	774	#00b5ef
7	775	1293	#fc8d62
7	1294	1258	#2f7ec2
7	1259	1427	#fc8d62
7	1428	1602	#2f7ec2
7	1603	2085	#00b5ef
8	1	389	#a6c952
8	390	1263	#eb2690
8	1264	1899	#a6c952
8	1900	2243	#eb2d2d
9	1	714	#eb2690
9	715	1396	#ffd00a
10	1	364	#a6c952
10	365	945	#009c75
10	946	1286	#a6c952
11	1	614	#00b5ef
11	615	759	#ffd00a
11	760	752	#009c75
11	753	796	#ffd00a
11	797	755	#009c75
11	756	791	#ffd00a
11	792	1093	#009c75
12	1	249	#eb2690
12	250	684	#009c75
12	685	773	#eb2d2d
12	774	1032	#2f7ec2