1	1	125	#fc8d62
1	126	221	#ffd00a
1	222	248	#fc8d62
1	249	247	#ffd00a
1	248	456	#eb2d2d
1	457	1845	#a6c952
2	1	1302	#00b5ef
3	1	533	#ffd00a
3	534	768	#2f7ec2
3	769	894	#eb2d2d
3	895	919	#ffd00a
3	920	903	#eb2d2d
3	904	1024	#ffd00a
3	1025	905	#eb2d2d
3	906	945	#ffd00a
3	946	908	#eb2d2d
3	909	1023	#ffd00a
3	1024	1011	#eb2d2d
3	1012	1210	#ffd00a
3	1211	1247	#2f7ec2
3	1248	1251	#ffd00a
3	1252	1395	#eb2d2d
4	1	1190	#eb2690
4	1191	1546	#ffd00a
5	1	652	#009c75
5	653	1091	#2f7ec2
6	1	1336	#a6c952
7	1	169	#eb2d2d
7	170	202	#fc8d62
7	203	359	#ffd00a
7	360	788	#eb2690
7	789	862	#ffd00a
7	863	872	#eb2690
7	873	1101	#ffd00a
8	1	1323	#009c75
9	1	711	#00b5ef
9	712	960	#eb2d2d
9	961	973	#fc8d62
9	974	968	#eb2d2d
9	969	984	#ffd00a
9	985	1010	#fc8d62
9	1011	1198	#ffd00a
10	1	489	#eb2690
10	490	1118	#a6c952
11	1	416	#00b5ef
11	417	546	#009c75
11	547	650	#fc8d62
11	651	657	#2f7ec2
11	658	730	#fc8d62
11	731	970	#2f7ec2
12	1	178	#ffd00a
12	179	185	#fc8d62
12	186	240	#ffd00a
12	241	242	#fc8d62
12	243	243	#2f7ec2
12	244	306	#fc8d62
12	307	466	#2f7ec2
12	467	475	#ffd00a
12	476	525	#fc8d62
12	526	643	#2f7ec2
12	644	668	#ffd00a
12	669	957	#2f7ec2
13	1	175	#00b5ef
13	176	1007	#009c75
14	1	815	#00b5ef
15	1	472	#2f7ec2
16	1	462	#eb2690
16	463	720	#009c75
17	1	583	#009c75
18	1	760	#ffd00a
19	1	518	#009c75
20	1	604	#00b5ef