1	1	1809	#00b5ef
1	1810	3235	#eb2690
1	3236	4275	#00b5ef
1	4276	5447	#eb2690
2	1	1395	#00b5ef
2	1396	2994	#ffd00a
2	2995	3425	#00b5ef
2	3426	3459	#009c75
2	3460	3545	#00b5ef
2	3546	3881	#eb2690
2	3882	4317	#00b5ef
3	1	4461	#a6c952
4	1	1388	#009c75
4	1389	2290	#2f7ec2
4	2291	2671	#009c75
4	2672	3028	#2f7ec2
4	3029	2999	#009c75
4	3000	3059	#2f7ec2
4	3060	3599	#009c75
5	1	2322	#eb2d2d
6	1	2048	#2f7ec2
6	2049	2822	#ffd00a
7	1	1792	#ffd00a
7	1793	1793	#009c75
7	1794	1819	#ffd00a
7	1820	1827	#009c75
7	1828	2277	#ffd00a
8	1	1384	#eb2d2d
8	1385	1933	#00b5ef
9	1	2610	#a6c952
10	1	2801	#009c75