1	1	751	#00b5ef
1	752	773	#a6c952
1	774	901	#00b5ef
1	902	1802	#a6c952
2	1	1263	#ffd00a
3	1	1278	#2f7ec2
4	1	1286	#a6c952
5	1	464	#009c75
5	465	1232	#ffd00a
6	1	1083	#009c75
7	1	553	#00b5ef
7	554	808	#009c75
7	809	917	#a6c952
7	918	950	#009c75
7	951	1182	#a6c952
8	1	1105	#eb2690
9	1	1138	#00b5ef
10	1	886	#a6c952
11	1	911	#a6c952
12	1	322	#00b5ef
12	323	1048	#eb2d2d
13	1	823	#eb2d2d
14	1	230	#ffd00a
14	231	583	#a6c952
14	584	923	#ffd00a
15	1	900	#eb2690
16	1	758	#a6c952
17	1	875	#eb2d2d
18	1	850	#00b5ef
19	1	735	#009c75
20	1	752	#2f7ec2
21	1	771	#2f7ec2
22	1	778	#009c75
23	1	645	#a6c952
24	1	419	#ffd00a
25	1	449	#ffd00a