4	1	261	#CC9900
4	261	717	#fc8d62
4	718	765	#CC9900
4	766	817	#fc8d62
4	818	848	#CC9900
4	849	1211	#fc8d62
4	1212	2024	#CC9900
11	1	900	#a6c952
11	901	949	#ffd00a
11	950	1221	#a6c952
11	1222	1624	#ffd00a
11	1625	1625	#a6c952
11	1626	1652	#ffd00a
11	1653	1703	#a6c952
11	1704	1821	#ffd00a
11	1822	2393	#a6c952
12	1	1178	#2f7ec2
12	1179	1844	#eb2690
13	1	590	#009c75
13	591	1732	orange
14	1	457	#2f7ec2
14	458	989	c
14	990	1429	#2f7ec2
14	1430	1761	c
15	1	834	#a6c952
15	835	1372	#00b5ef
15	1373	1819	#CCCC99
15	1820	2203	#eb2d2d
17	1	651	#00b5ef
17	652	726	#CCCC99
17	727	727	#fc8d62
17	728	810	#CCCC99
17	811	1452	#fc8d62
17	1453	1507	#00b5ef
17	1508	1960	#fc8d62
17	1961	2125	#CCCC99
17	2126	2670	#009c75
18	1	360	#00b5ef
18	361	740	#CC9900
18	741	1212	#2f7ec2
18	1213	1362	#eb2690
18	1363	2134	#CC99FF
19	1	482	orange
19	483	587	#009c75
19	588	711	#00b5ef
19	712	1257	#eb2d2d
19	1258	2030	#eb2690
20	1	389	c
20	390	717	#2f7ec2
20	718	1062	c
20	1063	1662	#a6c952
20	1663	2155	#2f7ec2
21	1	575	#CC99FF
21	576	687	#eb2690
21	688	1166	#ffd00a
21	1167	1817	c
22	1	351	#ffd00a
22	352	757	#CC9900
22	758	1012	#2f7ec2
22	1013	1052	#eb2d2d
22	1053	1067	#2f7ec2
22	1068	1066	#eb2d2d
22	1067	1082	#2f7ec2
22	1083	1087	#eb2d2d
22	1088	1110	#2f7ec2
22	1111	1559	#eb2d2d