1	1	99	#009c75
1	100	144	#CCCC99
1	145	206	#009c75
1	207	462	#eb2d2d
1	463	1165	#fc8d62
1	1166	1845	c
2	1	481	#CC99FF
2	482	1206	#a6c952
2	1207	1302	#ffd00a
3	1	441	#009c75
3	442	608	#CCCC99
3	609	953	#eb2d2d
3	954	1122	#eb2690
3	1123	1395	#eb2d2d
4	1	657	orange
4	658	1257	#CC9900
4	1258	1546	#eb2690
5	1	683	#2f7ec2
5	684	835	#00b5ef
5	836	886	#eb2d2d
5	887	1091	#00b5ef
6	1	268	c
6	269	1077	#fc8d62
6	1078	1336	c
7	1	165	#eb2d2d
7	166	215	#CCCC99
7	216	410	#009c75
7	411	502	orange
7	503	831	#CC9900
7	832	868	#eb2690
7	869	873	#CC9900
7	874	1101	#eb2690
8	1	1323	#2f7ec2
9	1	197	#CC99FF
9	198	698	#a6c952
9	699	960	#eb2d2d
9	961	996	#CCCC99
9	997	1198	#009c75
10	1	190	#CC9900
10	191	199	orange
10	200	359	#CC9900
10	360	501	orange
10	502	858	#fc8d62
10	859	1118	c
11	1	416	#a6c952
11	417	548	#ffd00a
11	549	601	#eb2d2d
11	602	741	#00b5ef
11	742	795	#eb2d2d
11	797	970	#00b5ef
12	1	496	#00b5ef
12	497	667	#eb2d2d
12	668	957	#00b5ef
13	1	70	#a6c952
13	71	104	#2f7ec2
13	105	111	#a6c952
13	112	120	#2f7ec2
13	121	239	#a6c952
13	240	265	#2f7ec2
13	266	292	#a6c952
13	293	683	#2f7ec2
13	684	1007	#ffd00a
14	1	231	#CC99FF
14	232	815	#a6c952
15	1	107	#00b5ef
15	108	132	#eb2d2d
15	133	138	#00b5ef
15	139	178	#eb2d2d
15	179	472	#00b5ef
16	1	144	orange
16	145	176	#CC9900
16	177	232	orange
16	233	463	#CC9900
16	464	720	#ffd00a
17	1	583	#ffd00a
18	1	760	#eb2690
19	1	518	#2f7ec2
20	1	48	#CC99FF
20	49	604	#a6c952