1	1	1297	#fc8d62
1	1298	2284	#2f7ec2
1	2285	2190	#fc8d62
1	2191	2291	#2f7ec2
1	2292	2313	#fc8d62
1	2314	2521	#00b5ef
1	2522	2707	#fc8d62
2	1	2093	#ffd00a
2	2094	3073	#fc8d62
3	1	766	#eb2d2d
3	767	1689	#2f7ec2
3	1690	1731	#a6c952
3	1732	1761	#2f7ec2
3	1762	2303	#a6c952
3	2304	3007	#eb2d2d
4	1	2731	#eb2690
5	1	1933	#2f7ec2
6	1	2393	#CC9900
7	1	1962	#CC99FF
8	1	2182	c
9	1	2729	#a6c952
10	1	1512	#CCCC99
10	1513	2163	#00b5ef
11	1	2137	orange
12	1	368	#eb2690
12	369	647	#009c75
12	648	1183	#00b5ef
12	1184	1548	#009c75
12	1549	2123	#00b5ef
13	1	407	#a6c952
13	408	1137	#2f7ec2
13	1138	2212	#009c75