1	1	785	#fc8d62
1	786	1150	#2f7ec2
1	1151	1378	#fc8d62
1	1379	1399	#2f7ec2
1	1400	1383	#fc8d62
1	1384	2262	#2f7ec2
1	2263	2308	#fc8d62
1	2309	2486	#00b5ef
1	2487	2541	#fc8d62
1	2542	2511	#00b5ef
1	2512	2707	#fc8d62
2	1	2091	#ffd00a
2	2092	3073	#fc8d62
3	1	809	#eb2d2d
3	810	1085	#2f7ec2
3	1086	1152	#eb2d2d
3	1153	1696	#2f7ec2
3	1697	1746	#a6c952
3	1747	1755	#2f7ec2
3	1756	2349	#a6c952
3	2350	3007	#eb2d2d
4	1	2731	#eb2690
5	1	1933	#2f7ec2
6	1	2393	#CC9900
7	1	1962	#CC99FF
8	1	2182	c
9	1	2729	#a6c952
10	1	1624	#CCCC99
10	1625	2163	#00b5ef
11	1	2137	orange
12	1	271	#eb2690
12	272	833	#009c75
12	834	898	#00b5ef
12	899	923	#009c75
12	924	1178	#00b5ef
12	1179	1358	#009c75
12	1359	1442	#00b5ef
12	1443	1514	#009c75
12	1515	1768	#00b5ef
12	1769	1869	#009c75
12	1870	1805	#00b5ef
12	1806	1921	#009c75
12	1922	2123	#00b5ef
13	1	399	#a6c952
13	400	1010	#2f7ec2
13	1011	2212	#009c75