1	1	1297	#2f7ec2
1	1298	2284	#a6c952
1	2285	2190	#2f7ec2
1	2191	2291	#a6c952
1	2292	2313	#2f7ec2
1	2314	2521	#009c75
1	2522	2707	#2f7ec2
2	1	2093	c
2	2094	3073	#2f7ec2
3	1	766	#CCCC99
3	767	1689	#a6c952
3	1690	1731	#eb2d2d
3	1732	1761	#a6c952
3	1762	2303	#eb2d2d
3	2304	3007	#CCCC99
4	1	2731	#00b5ef
5	1	1933	#CC99FF
6	1	2393	#fc8d62
7	1	1962	#CC9900
8	1	2182	#eb2690
9	1	2729	#eb2d2d
10	1	1512	orange
10	1513	2163	#009c75
11	1	2137	#ffd00a
12	1	368	#00b5ef
12	369	647	orange
12	648	1183	#009c75
12	1184	1548	orange
12	1549	2123	#009c75
13	1	407	#eb2d2d
13	408	1137	#a6c952
13	1138	2212	orange