1	1	799	#2f7ec2
1	800	1153	#a6c952
1	1154	1382	#2f7ec2
1	1383	1350	#a6c952
1	1351	1439	#2f7ec2
1	1440	2251	#a6c952
1	2252	2247	#009c75
1	2248	2329	#2f7ec2
1	2330	2510	#009c75
1	2511	2707	#2f7ec2
2	1	2088	c
2	2089	3073	#2f7ec2
3	1	781	#CCCC99
3	782	1089	#a6c952
3	1090	1162	#CCCC99
3	1163	1755	#a6c952
3	1756	2344	#eb2d2d
3	2345	3007	#CCCC99
4	1	2731	#00b5ef
5	1	1933	#CC99FF
6	1	2393	#fc8d62
7	1	1962	#CC9900
8	1	2182	#eb2690
9	1	2729	#eb2d2d
10	1	1516	orange
10	1517	2163	#009c75
11	1	2137	#ffd00a
12	1	321	#00b5ef
12	322	853	orange
12	854	908	#009c75
12	909	896	orange
12	897	1180	#009c75
12	1181	1348	orange
12	1349	1412	#009c75
12	1413	1479	orange
12	1480	1456	#009c75
12	1457	1540	orange
12	1541	1464	#009c75
12	1465	1551	orange
12	1552	1503	#009c75
12	1504	1523	orange
12	1524	1768	#009c75
12	1769	1869	orange
12	1870	2123	#009c75
13	1	359	#eb2d2d
13	360	1015	#a6c952
13	1016	2212	orange