1	1	488	#eb2d2d
1	489	909	c
1	910	950	#eb2d2d
1	951	1076	c
1	1077	978	#eb2d2d
1	979	1001	c
1	1002	1027	#eb2d2d
1	1028	1059	c
1	1060	1042	#eb2d2d
1	1043	1169	c
1	1170	1161	#eb2d2d
1	1162	1176	c
1	1177	2280	#a6c952
1	2281	3058	#eb2d2d
2	1	431	orange
2	432	464	#ffd00a
2	465	444	orange
2	445	1062	#ffd00a
2	1063	1083	orange
2	1084	1079	#ffd00a
2	1080	1189	orange
2	1190	1211	#009c75
2	1212	1227	orange
2	1228	1632	#009c75
3	1	65	#eb2690
3	66	210	#a6c952
3	211	187	#eb2690
3	188	278	#a6c952
3	279	212	#eb2690
3	213	244	#a6c952
3	245	273	#eb2690
3	274	899	#a6c952
3	900	1906	#eb2690
3	1907	2602	#eb2d2d
5	1	926	#2f7ec2
5	927	947	orange
5	948	974	#2f7ec2
5	975	1844	orange
5	1845	2514	#009c75
6	1	452	#CC9900
6	453	656	#00b5ef
6	657	1089	#CC99FF
6	1090	1473	#fc8d62
6	1474	1538	#CCCC99
6	1539	1537	#fc8d62
6	1538	1972	#CCCC99
6	1973	2589	#00b5ef
7	1	272	#eb2690
7	273	1027	#CC99FF
7	1028	1410	#eb2690
8	1	471	#fc8d62
8	472	1478	#ffd00a
8	1479	1942	#009c75
9	1	605	#00b5ef
9	606	1471	c
9	1472	1575	#00b5ef
9	1576	2087	#CC9900
10	1	315	#CCCC99
10	316	289	#CC99FF
10	290	299	#CCCC99
10	300	426	#CC99FF
10	427	430	#CCCC99
10	431	461	#CC99FF
10	462	468	#CCCC99
10	469	655	#CC99FF
10	656	1410	#eb2d2d
10	1411	1688	#fc8d62
10	1689	2077	orange
16	1	987	#fc8d62
16	988	1832	#2f7ec2