1	1	207	orange
1	208	462	#CCCC99
1	463	1165	#2f7ec2
1	1166	1845	#eb2690
2	1	481	#CC9900
2	482	1206	#eb2d2d
2	1207	1302	c
3	1	608	orange
3	609	953	#CCCC99
3	954	1122	#00b5ef
3	1123	1395	#CCCC99
4	1	657	#ffd00a
4	658	1257	#fc8d62
4	1258	1546	#00b5ef
5	1	281	#CC99FF
5	282	683	#a6c952
5	684	835	#009c75
5	836	886	#CCCC99
5	887	1091	#009c75
6	1	268	#eb2690
6	269	1077	#2f7ec2
6	1078	1336	#eb2690
7	1	165	#CCCC99
7	166	410	orange
7	411	502	#ffd00a
7	503	831	#fc8d62
7	832	868	#00b5ef
7	869	873	#fc8d62
7	874	1101	#00b5ef
8	1	660	#a6c952
8	661	1323	#CC99FF
9	1	197	#CC9900
9	198	698	#eb2d2d
9	699	960	#CCCC99
9	961	1198	orange
10	1	190	#fc8d62
10	191	199	#ffd00a
10	200	359	#fc8d62
10	360	491	#ffd00a
10	492	858	#2f7ec2
10	859	1118	#eb2690
11	1	416	#eb2d2d
11	417	548	c
11	549	601	#CCCC99
11	602	741	#009c75
11	742	795	#CCCC99
11	797	970	#009c75
12	1	496	#009c75
12	497	667	#CCCC99
12	668	957	#009c75
13	1	70	#eb2d2d
13	71	104	#a6c952
13	105	111	#eb2d2d
13	112	120	#a6c952
13	121	239	#eb2d2d
13	240	265	#a6c952
13	266	292	#eb2d2d
13	293	511	#a6c952
13	512	683	#CC99FF
13	684	1007	c
14	1	231	#CC9900
14	232	815	#eb2d2d
15	1	107	#009c75
15	108	132	#CCCC99
15	133	138	#009c75
15	139	178	#CCCC99
15	179	472	#009c75
16	1	144	#ffd00a
16	145	176	#fc8d62
16	177	232	#ffd00a
16	233	454	#fc8d62
16	455	720	c
17	1	583	c
18	1	760	#00b5ef
19	1	234	#CC99FF
19	235	518	#a6c952
20	1	48	#CC9900
20	49	604	#eb2d2d