1	1	453	#009c75
1	454	1845	#eb2d2d
2	1	1302	#eb2690
3	1	918	#009c75
3	919	1069	#2f7ec2
3	1070	1060	#009c75
3	1061	1177	#2f7ec2
3	1178	1091	#009c75
3	1092	1126	#2f7ec2
3	1127	1138	#009c75
3	1139	1348	#2f7ec2
3	1349	1147	#009c75
3	1148	1199	#2f7ec2
3	1200	1230	#009c75
3	1231	1299	#2f7ec2
3	1300	1395	#009c75
4	1	1148	#a6c952
4	1149	1111	#2f7ec2
4	1112	1210	#a6c952
4	1211	1546	#2f7ec2
5	1	611	#fc8d62
5	612	1091	#00b5ef
6	1	1336	#eb2d2d
7	1	243	#009c75
7	244	300	#a6c952
7	301	318	#009c75
7	319	424	#a6c952
7	425	514	#009c75
7	515	779	#a6c952
7	780	1101	#2f7ec2
8	1	1323	#fc8d62
9	1	741	#eb2690
9	742	1198	#009c75
10	1	443	#a6c952
10	444	1118	#eb2d2d
11	1	384	#eb2690
11	385	367	#00b5ef
11	368	515	#ffd00a
11	516	509	#00b5ef
11	510	551	#ffd00a
11	552	970	#00b5ef
12	1	957	#00b5ef
13	1	669	#fc8d62
13	670	1007	#ffd00a
14	1	815	#eb2690
15	1	472	#00b5ef
16	1	440	#a6c952
16	441	720	#ffd00a
17	1	583	#ffd00a
18	1	760	#2f7ec2
19	1	518	#fc8d62
20	1	604	#eb2690