1	1	1152	#fc8d62
1	1153	1327	#eb2690
1	1328	1436	#ffd00a
1	1437	1795	#009c75
1	1796	1881	#ffd00a
1	1882	1907	#009c75
1	1908	1949	#ffd00a
1	1950	1945	#009c75
1	1946	2007	#ffd00a
1	2008	1948	#009c75
1	1949	1994	#ffd00a
1	1995	2099	#009c75
1	2100	2140	#ffd00a
1	2141	2181	#eb2690
1	2182	2303	#ffd00a
1	2304	2308	#009c75
2	1	1101	#a6c952
2	1102	1776	#00b5ef
2	1777	2101	#eb2d2d
3	1	806	#fc8d62
3	807	747	#2f7ec2
3	748	776	#fc8d62
3	777	845	#2f7ec2
3	846	983	#fc8d62
3	984	1596	#2f7ec2
3	1597	1823	#009c75
4	1	1522	#eb2690
5	1	1662	#eb2d2d
6	1	259	#009c75
6	260	483	#ffd00a
6	484	1144	#fc8d62
7	1	608	#fc8d62
7	609	828	#2f7ec2
7	829	1016	#a6c952
7	1017	1160	#ffd00a
7	1161	1131	#00b5ef
7	1132	1147	#ffd00a
7	1148	1141	#00b5ef
7	1142	1236	#ffd00a
7	1237	1250	#00b5ef
8	1	410	#a6c952
8	411	1263	#00b5ef
9	1	963	#a6c952
10	1	233	#eb2d2d
10	234	131	#ffd00a
10	132	201	#eb2d2d
10	202	237	#ffd00a
10	238	284	#eb2d2d
10	285	365	#ffd00a
10	366	485	#eb2d2d
10	486	534	#ffd00a
10	535	548	#eb2d2d
10	549	639	#ffd00a
10	640	708	#2f7ec2
10	709	755	#ffd00a
10	756	931	#2f7ec2
10	932	1114	#009c75
11	1	852	#eb2690
12	1	1025	#eb2690
13	1	359	#009c75
13	360	849	#2f7ec2
14	1	827	#eb2d2d
15	1	310	#009c75
15	311	763	#2f7ec2
16	1	726	#eb2690