1	1	455	#009c75
1	456	1845	#eb2d2d
2	1	1302	#eb2690
3	1	888	#009c75
3	889	1155	#2f7ec2
3	1156	1395	#009c75
4	1	1140	#a6c952
4	1141	1047	#2f7ec2
4	1048	1138	#a6c952
4	1139	1123	#2f7ec2
4	1124	1169	#a6c952
4	1170	1546	#2f7ec2
5	1	663	#fc8d62
5	664	1091	#00b5ef
6	1	1336	#eb2d2d
7	1	303	#009c75
7	304	757	#a6c952
7	758	1101	#2f7ec2
8	1	1323	#fc8d62
9	1	710	#eb2690
9	711	1198	#009c75
10	1	455	#a6c952
10	456	1118	#eb2d2d
11	1	96	#eb2690
11	97	164	#ffd00a
11	165	415	#eb2690
11	416	552	#ffd00a
11	553	665	#00b5ef
11	666	559	#ffd00a
11	560	677	#00b5ef
11	678	653	#ffd00a
11	654	676	#00b5ef
11	677	685	#ffd00a
11	686	761	#00b5ef
11	762	755	#ffd00a
11	756	796	#00b5ef
11	797	823	#ffd00a
11	824	970	#00b5ef
12	1	957	#00b5ef
13	1	658	#fc8d62
13	659	1007	#ffd00a
14	1	815	#eb2690
15	1	472	#00b5ef
16	1	433	#a6c952
16	434	720	#ffd00a
17	1	583	#ffd00a
18	1	760	#2f7ec2
19	1	518	#fc8d62
20	1	604	#eb2690