1	1	35	#009c75
1	36	107	#a6c952
1	108	127	#009c75
1	128	617	#a6c952
2	1	11	#009c75
2	12	76	#2f7ec2
2	77	100	#009c75
2	101	79	#2f7ec2
2	80	131	#009c75
2	132	312	#2f7ec2
2	313	317	#009c75
2	318	326	#2f7ec2
2	327	365	#009c75
2	366	336	#2f7ec2
2	337	327	#009c75
2	328	384	#2f7ec2
2	385	683	#009c75
2	684	847	#2f7ec2
2	848	792	#009c75
2	793	872	#2f7ec2
2	873	795	#009c75
2	796	825	#2f7ec2
2	826	900	#009c75
3	1	73	#00b5ef
3	74	98	#2f7ec2
3	99	515	#00b5ef
3	516	912	#2f7ec2
3	913	899	#00b5ef
3	900	964	#2f7ec2
3	965	912	#00b5ef
3	913	1000	#2f7ec2
3	1001	924	#00b5ef
3	925	966	#2f7ec2
3	967	1263	#00b5ef
4	1	1278	#eb2690
5	1	98	#009c75
5	99	141	#ffd00a
5	142	191	#009c75
5	192	169	#ffd00a
5	170	211	#009c75
5	212	285	#ffd00a
5	286	654	#009c75
5	655	862	#ffd00a
6	1	906	#eb2d2d
7	1	466	#fc8d62
7	467	550	#a6c952
7	551	829	#fc8d62
8	1	911	#fc8d62
9	1	76	#ffd00a
9	77	44	#00b5ef
9	45	75	#ffd00a
9	76	61	#00b5ef
9	62	134	#ffd00a
9	135	124	#00b5ef
9	125	215	#ffd00a
9	216	607	#00b5ef
10	1	875	#a6c952
11	1	778	#eb2690
12	1	823	#eb2d2d