1	1	1708	#fc8d62
1	1709	2717	#2f7ec2
1	2718	5504	#fc8d62
2	1	1500	#eb2d2d
2	1501	3856	#CCCC99
2	3857	7631	#eb2d2d
3	1	6611	#a6c952
4	1	982	#ffd00a
4	983	1816	#009c75
4	1817	1916	#ffd00a
4	1917	2028	#009c75
4	2029	2001	#ffd00a
4	2002	2036	#009c75
4	2037	2017	#ffd00a
4	2018	2071	#009c75
4	2072	4872	#ffd00a
5	1	1980	#00b5ef
5	1981	3629	c
5	3630	3679	#00b5ef
5	3680	4359	c
5	4360	4911	#ffd00a
5	4912	4976	#00b5ef
5	4977	6668	#ffd00a
6	1	5641	#eb2690
7	1	1251	orange
7	1252	1365	#CC99FF
7	1366	1768	orange
7	1769	1776	#CC99FF
7	1777	2192	orange
7	2193	2230	#CC99FF
7	2231	2311	orange
7	2312	2421	#CC99FF
7	2422	2726	orange
7	2727	2759	#CC99FF
7	2760	3085	orange
7	3086	4218	#CC99FF
7	4219	7217	orange