1	1	585	#CCCC99
1	586	1179	#a6c952
1	1180	1488	#009c75
1	1489	2800	#CCCC99
2	1	308	c
2	309	1205	#009c75
2	1206	1554	#00b5ef
2	1555	2253	#a6c952
3	1	442	#eb2690
3	443	541	orange
3	542	632	#CC9900
3	633	792	c
3	793	810	#CC9900
3	811	830	c
3	831	830	#CC9900
3	831	1087	c
3	1088	1270	#CC9900
3	1271	1304	c
3	1305	1333	#CC9900
3	1334	1374	orange
3	1375	1666	#CC9900
3	1667	1644	orange
3	1645	1675	#CC9900
3	1676	2180	orange
4	1	281	#00b5ef
4	282	403	#fc8d62
4	404	415	#00b5ef
4	416	615	#fc8d62
4	616	981	#CC99FF
4	982	1223	#a6c952
4	1224	1876	#ffd00a
5	1	597	#eb2690
5	598	732	orange
5	733	1581	c
5	1582	1761	#CC9900
6	1	1609	#eb2d2d
7	1	836	#eb2d2d
7	837	924	orange
7	925	934	#eb2d2d
7	935	1216	orange
7	1217	1626	#eb2690
7	1627	2085	#eb2d2d
8	1	412	#2f7ec2
8	413	1304	#fc8d62
8	1305	1917	#2f7ec2
8	1918	2243	#00b5ef
9	1	674	#CC9900
9	675	1396	orange
10	1	354	#2f7ec2
10	355	962	#CC99FF
10	963	1286	#2f7ec2
11	1	408	#ffd00a
11	409	796	#a6c952
11	797	1093	#009c75
12	1	309	#fc8d62
12	310	627	#CC99FF
12	628	637	#00b5ef
12	638	662	#CC99FF
12	663	1032	#00b5ef