1	1	207	orange
1	208	462	#00b5ef
1	463	1165	#CCCC99
1	1166	1845	#2f7ec2
2	1	481	#ffd00a
2	482	1206	#eb2d2d
2	1207	1302	#009c75
3	1	608	orange
3	609	953	#00b5ef
3	954	1122	#a6c952
3	1123	1395	#00b5ef
4	1	657	#CC9900
4	658	1257	#fc8d62
4	1258	1546	#a6c952
5	1	281	#CC99FF
5	282	683	c
5	684	835	#eb2690
5	836	886	#00b5ef
5	887	1091	#eb2690
6	1	268	#2f7ec2
6	269	1077	#CCCC99
6	1078	1336	#2f7ec2
7	1	165	#00b5ef
7	166	410	orange
7	411	502	#CC9900
7	503	831	#fc8d62
7	832	868	#a6c952
7	869	873	#fc8d62
7	874	1101	#a6c952
8	1	660	c
8	661	1323	#CC99FF
9	1	197	#ffd00a
9	198	698	#eb2d2d
9	699	960	#00b5ef
9	961	1198	orange
10	1	190	#fc8d62
10	191	199	#CC9900
10	200	359	#fc8d62
10	360	491	#CC9900
10	492	858	#CCCC99
10	859	1118	#2f7ec2
11	1	416	#eb2d2d
11	417	548	#009c75
11	549	601	#00b5ef
11	602	741	#eb2690
11	742	795	#00b5ef
11	797	970	#eb2690
12	1	496	#eb2690
12	497	667	#00b5ef
12	668	957	#eb2690
13	1	70	#eb2d2d
13	71	104	c
13	105	111	#eb2d2d
13	112	120	c
13	121	239	#eb2d2d
13	240	265	c
13	266	292	#eb2d2d
13	293	511	c
13	512	683	#CC99FF
13	684	1007	#009c75
14	1	231	#ffd00a
14	232	815	#eb2d2d
15	1	107	#eb2690
15	108	132	#00b5ef
15	133	138	#eb2690
15	139	178	#00b5ef
15	179	472	#eb2690
16	1	144	#CC9900
16	145	176	#fc8d62
16	177	232	#CC9900
16	233	463	#fc8d62
16	464	720	#009c75
17	1	583	#009c75
18	1	760	#a6c952
19	1	234	#CC99FF
19	235	518	c
20	1	48	#ffd00a
20	49	604	#eb2d2d