1	1	812	#CCCC99
1	813	1166	c
1	1167	1373	#CCCC99
1	1374	2257	c
1	2258	2303	#CCCC99
1	2304	2236	#eb2690
1	2237	2281	c
1	2282	2550	#eb2690
1	2551	2707	#CCCC99
2	1	2089	#009c75
2	2090	3073	#CCCC99
3	1	774	#00b5ef
3	775	1702	c
3	1703	1849	#eb2d2d
3	1850	1989	c
3	1990	2387	#eb2d2d
3	2388	3007	#00b5ef
4	1	2731	#a6c952
5	1	1933	#CC99FF
6	1	2393	#fc8d62
7	1	1962	#ffd00a
8	1	2182	#2f7ec2
9	1	2729	#eb2d2d
10	1	1486	orange
10	1487	2163	#eb2690
11	1	2137	#CC9900
12	1	280	#a6c952
12	281	712	orange
12	713	907	#eb2690
12	908	953	orange
12	954	1208	#eb2690
12	1209	1400	orange
12	1401	1343	#eb2690
12	1344	1506	orange
12	1507	1515	#eb2690
12	1516	1551	orange
12	1552	1573	#eb2690
12	1574	1705	orange
12	1706	1815	#eb2690
12	1816	1920	orange
12	1921	2123	#eb2690
13	1	425	#eb2d2d
13	426	854	c
13	855	886	orange
13	887	1012	c
13	1013	2212	orange