1	1	1297	#CCCC99
1	1298	2284	c
1	2285	2190	#CCCC99
1	2191	2291	c
1	2292	2313	#CCCC99
1	2314	2521	#eb2690
1	2522	2707	#CCCC99
2	1	2093	#009c75
2	2094	3073	#CCCC99
3	1	766	#00b5ef
3	767	1689	c
3	1690	1731	#eb2d2d
3	1732	1761	c
3	1762	2303	#eb2d2d
3	2304	3007	#00b5ef
4	1	2731	#a6c952
5	1	1933	#CC99FF
6	1	2393	#fc8d62
7	1	1962	#ffd00a
8	1	2182	#2f7ec2
9	1	2729	#eb2d2d
10	1	1512	orange
10	1513	2163	#eb2690
11	1	2137	#CC9900
12	1	368	#a6c952
12	369	647	orange
12	648	1183	#eb2690
12	1184	1548	orange
12	1549	2123	#eb2690
13	1	407	#eb2d2d
13	408	1137	c
13	1138	2212	orange