1	1	666	#2f7ec2
1	667	817	#a6c952
1	818	896	#2f7ec2
1	897	1363	#a6c952
1	1364	1802	#fc8d62
2	1	1263	#009c75
3	1	1278	#00b5ef
4	1	323	#ffd00a
4	324	703	#eb2690
4	704	1286	#ffd00a
5	1	515	#eb2d2d
5	516	918	#a6c952
5	919	1232	#eb2d2d
6	1	1083	#009c75
7	1	677	#eb2690
7	678	997	#CC99FF
7	998	1182	#eb2690
8	1	1105	#00b5ef
9	1	591	#eb2690
9	592	939	#00b5ef
9	940	1138	#eb2690
10	1	886	#eb2d2d
11	1	911	#fc8d62
12	1	80	c
12	81	131	#eb2d2d
12	132	250	c
12	251	433	#eb2d2d
12	434	449	#2f7ec2
12	450	457	#eb2d2d
12	458	734	#2f7ec2
12	735	803	#eb2d2d
12	804	1048	orange
13	1	823	c
14	1	342	orange
14	343	658	#ffd00a
14	659	923	orange
15	1	900	#2f7ec2
16	1	758	#fc8d62
17	1	875	#CCCC99
18	1	42	c
18	43	371	#ffd00a
18	372	500	c
18	501	850	#ffd00a
19	1	735	orange
20	1	325	#CCCC99
20	326	752	#009c75
21	1	771	#CCCC99
22	1	778	#CC99FF
23	1	645	c
24	1	419	#CC99FF
25	1	449	#CC99FF