1	1	1116	#fc8d62
1	1117	2308	#eb2690
2	1	417	#a6c952
2	418	479	#CCCC99
2	480	469	#a6c952
2	470	1188	#CCCC99
2	1189	1460	#009c75
2	1461	1338	orange
2	1339	1387	#009c75
2	1388	1354	orange
2	1355	1469	#009c75
2	1470	1771	orange
2	1772	2101	c
3	1	834	#eb2d2d
3	835	779	#2f7ec2
3	780	824	#eb2d2d
3	825	822	#2f7ec2
3	823	974	#eb2d2d
3	975	1823	#2f7ec2
4	1	1522	#00b5ef
5	1	914	#ffd00a
5	915	1008	c
5	1009	936	#ffd00a
5	937	1662	c
6	1	493	#eb2690
6	494	1144	#fc8d62
7	1	593	#eb2d2d
7	594	677	#2f7ec2
7	678	688	#eb2d2d
7	689	876	#2f7ec2
7	877	1012	#a6c952
7	1012	1250	orange
8	1	405	#a6c952
8	406	836	orange
8	837	827	#009c75
8	828	1060	orange
8	1061	1263	#009c75
9	1	963	#CCCC99
10	1	272	c
10	273	387	orange
10	388	311	c
10	312	381	orange
10	382	320	c
10	321	377	orange
10	378	519	c
10	520	863	#009c75
10	864	980	#2f7ec2
10	981	987	#009c75
10	988	1114	#2f7ec2
11	1	852	#00b5ef
12	1	1025	#CC99FF
13	1	849	#2f7ec2
14	1	827	#ffd00a
15	1	264	#2f7ec2
15	265	763	#009c75
16	1	726	#CC99FF